$ 1 1.0E-7 50 50 50.0 50
v 96 288 96 96 0 0 40.0 50.0 0.0 0.0 0.5
w 96 96 160 96 0
159 160 96 224 96 0 0.01 1.0E8 2.5
v 192 208 192 112 0 2 20000.0 2.5 2.5 0.0 0.4
g 192 208 192 240 0 0
w 224 96 288 96 0
d 288 288 288 96 2 default
l 288 96 416 96 0 4.0E-4 0.0 0.0 0.0
c 416 96 416 288 4 1.0E-4 0.0 0.0 0.0
w 416 96 512 96 0
r 512 96 512 288 0 20.0
w 96 288 288 288 0
w 288 288 416 288 0
w 416 288 512 288 0
g 288 288 288 320 0 0
207 96 96 96 48 0 vs
207 224 96 224 48 0 sw
207 512 96 512 48 0 vo
o 10 4 0 131074 32.0 2.0 0
o 7 4 0 131329 32.0 2.0 1
