$ 129 0.000001 10.20027730826997 50 20 43 5e-11
32 ce-npn 0 3.5e-15 0 0 1.5 0 0 2 1 1 0 0 1 0 0.75 0.33 0 0.75 0.33 0 0
R 240 64 240 32 0 0 40 20 0 0 0.5
w 160 64 240 64 0
w 240 64 304 64 0
r 160 64 160 208 0 430000
r 304 64 304 160 0 2000
t 256 208 304 208 0 1 0.7 -13.24 50 ce-npn
w 304 160 304 192 0
w 304 224 304 256 0
r 304 256 304 336 0 1000
g 304 336 304 368 0 0
w 304 256 352 256 0
c 352 256 352 336 0 0.00004 2.046 2.046
g 352 336 352 368 0 0
c 304 160 400 160 0 0.00001 15.99 15.99
r 400 160 400 336 0 10000000
g 400 336 400 368 0 0
w 160 208 256 208 0
c 96 208 160 208 0 0.00001 -2.746 -2.746
w 48 208 96 208 0
v 48 336 48 208 0 1 10000 0.002 0 0 0.5
g 48 336 48 368 0 0
o 19 2 0 4098 0.005 0.0001 0 1
o 14 2 0 4098 0.5 0.0001 1 1
