$ 1 0.005 1.2 50 24 50 5e-11
R 64 64 16 64 0 0 40 24 0 0 0.5
w 64 64 64 96 0
w 64 96 64 224 0
w 64 224 64 320 0
w 64 320 64 416 0
s 64 96 144 96 0 0 true
w 144 96 176 96 0
s 176 96 256 96 0 1 true
w 176 96 176 160 0
426 176 160 256 160 4 K1 0.05 1000000 0
w 256 160 256 96 0
w 256 96 480 96 0
425 480 96 608 96 0 K1 0.2 0 0.02 240 0.015 0.005 0 0 0
w 608 96 704 96 0
w 64 224 128 224 0
426 128 224 240 224 4 K1 0.05 1000000 0
w 240 224 480 224 0
181 480 224 608 224 0 300 5 24 0.4 0.4
w 608 224 704 224 0
w 64 320 128 320 0
426 128 320 240 320 4 K1 0.05 1000000 0
w 240 320 480 320 0
425 480 320 608 320 0 KT 0.2 0 0.02 240 0.015 5 1 0 0
w 608 320 704 320 0
w 64 416 128 416 0
426 128 416 240 416 4 KT 0.05 1000000 0
w 240 416 480 416 0
181 480 416 608 416 0 300 5 24 0.4 0.4
w 608 416 704 416 0
w 704 96 704 224 0
w 704 224 704 320 0
w 704 320 704 416 0
w 704 416 704 448 0
g 704 448 704 480 0 0
x 72 80 136 83 0 16 STOP (NC)
x 180 80 252 83 0 16 START (NO)
x 184 190 260 193 0 14 K1 seal-in
x 466 262 600 265 0 16 M1 conveyor 1
x 566 304 690 307 0 14 KT 5 s on-delay
x 466 454 600 457 0 16 M2 conveyor 2
