$ 1 0.000005 10.20027730826997 50 5 50 5e-11
L 80 48 32 48 4 true false Cin 5 0
L 80 144 32 144 4 true false A 5 0
L 80 176 32 176 4 true false B 5 0
207 80 48 80 16 4 Cin
207 80 144 80 112 4 A
207 80 176 80 208 4 B
w 80 48 400 48 0
w 80 144 112 144 0
w 112 144 176 144 0
w 112 144 112 368 0
w 112 368 176 368 0
w 80 176 144 176 0
w 144 176 176 176 0
w 144 176 144 400 0
w 144 400 176 400 0
154 176 160 304 160 0 2 0 5
150 176 384 304 384 0 2 0 5
w 304 160 352 160 0
w 352 160 432 160 0
w 352 160 352 304 0
w 352 304 432 304 0
w 400 48 400 192 0
w 400 192 432 192 0
w 400 192 400 336 0
w 400 336 432 336 0
154 432 176 560 176 0 2 0 5
150 432 320 560 320 0 2 0 5
w 560 320 624 320 0
w 304 384 592 384 0
w 592 384 592 352 0
w 592 352 624 352 0
152 624 336 752 336 0 2 0 5
w 560 176 640 176 0
M 640 176 688 176 0 2.5
207 640 176 640 144 4 S
w 752 336 800 336 0
M 800 336 848 336 0 2.5
207 800 336 800 304 4 Cout
